1334883
715
250
715
211875
22
3
9
176197
715
12
47
620001
22
6
16
2609129
148552
41840
148552
4922359
1253091
235420417
62682311
1726523
299534
235420417
11990578
9092685
2742670
235420417
157041640
143567
1253091
3461792
850677
43838
299534
3461792
179616
303486
2742670
3461792
2031666
4922359
450556
19468013
6333736
1726523
176197
19468013
1931628
9092685
794787
19468013
12738520
11
1242
5935230
1224
1054
215765477
3099
13221
2
1242
3099
33
11
1242
21334720
1224
1970380
215765477
21334720
114182642
4533382
695701
21454165
7451973
13355828
2609129
13355828
2728943
4450853
2609129
4450853
276403
794591
2609129
794591
3211898
13355828
828838
4893440
882675
13355828
221088
1381288
4864041
829639
27322258
8720023
1759319
294635
27322258
2873214
26775477
1508127
80274241
56965403
5181
511921
14102
7153
10544
1334883
14102
14102
3961736
2229308
34863638
31339132
107622
39862
97755
546205
1528236
584222
45776
118187
52944
815636
75440
121863
10
2609129
4
360355
120
4
360355
120
72
72
435634
157251
381320
546205
1528236
584222
185501
474153
207561
815636
305691
1083597
640620
209880
3243070
1118984
584222
2250196
724731
302610
2504990
1919495
108646
17526
164339
424997
5076091
3461792
20716
209492
110975
4168677
150780
705350
209880
2886675
424997
5076091
3461792
238948
3643079
2503305
4168677
3243247
455223
143567
1253091
424997
5076091
3461792
125530
1384108
850677
4168677
1043763
1798330
1170186
1970380
10905021
36413233
34863638
6621484
21795195
16657594
753818881
512575801
669960
420388
777213
10905021
36413233
34863638
2557971
8542397
6670791
753818881
206778521
2220025
1508127
2742670
10905021
36413233
34863638
8193781
27653388
22579666
753818881
625302823
36244344
1038393
80274241
41840
2609129
148552
1038393
80274241
7796926
148552
7796926
121863
459925
36244344
45431
2766914
13626495
45431
2766914
13626495
1831108
1831108
457047
84173
10385830
546205
26038298
13626495
96377
7290341
2840669
16461908
2936093
1533909
459925
36244344
546205
26038298
13626495
546205
26038298
13626495
16461908
16461908
495374
305063
1191990
10905021
14802622
13355828
1816973
2647115
1837455
132317651
24675801
3036719
2609129
7451973
10905021
14802622
13355828
10905021
14802622
13355828
132317651
132317651
1798330
1170186
4402268
10905021
14802622
13355828
6621484
9273829
6991479
132317651
90649862
8852321
2343162
215765477
151179813
4911717
1053171
215765477
84217062
5181
511921
5528038
14102
327572
19468013
7153
169531
7274879
777546
333474
2699
381320
4558886
14102
327572
19468013
3411
95564
6872385
777546
307213
8209
917428
10383441
14102
327572
19468013
10936
272734
14623463
777546
658557
296199
84174
684042
524576
424997
5076091
2565724
3461792
1354883
34863638
71285
731643
494243
447627
248594
5553478
4168677
1582553
50645370
33227886
532005
289007
8559047
5265503
49077237
8275169
233592
64063
475878
409251
424997
5076091
2565724
3461792
1354883
34863638
53013
488089
374517
305628
183850
3655294
4168677
1582553
50645370
33227886
346794
208040
5280948
3432100
49077237
5060606
436548
294635
1127791
299534
10905021
14802622
36413233
13355828
34863638
35805959
1258211
1984439
2742272
1637102
2116623
2583747
132317651
753818881
540412309
434306424
17669965
67597282
50166855
32897373
12882774489
1352809555
436548
37
1127791
299534
1680
14802622
36413233
339
2756
35805959
430
1984439
2742272
86
449
2583747
13040
133709
540412309
20207
2967
21091
50166855
3340
1135407
191935
1798330
1170186
4402268
1970380
10905021
14802622
36413233
13355828
34863638
35805959
6621484
9273829
21795195
6991479
16657594
18054021
132317651
753818881
540412309
434306424
90649862
512575801
365166393
251883732
12882774489
9537310863
1533909
459925
36244344
4523930
546205
26038298
8855087
13626495
3461792
215765477
546205
26038298
8855087
13626495
3461792
215765477
16461908
7567972
510924327
200542501
16461908
7567972
510924327
200542501
492943940
492943940
276630
43838
5935230
299534
546205
26038298
8855087
13626495
3461792
215765477
46654
4308755
464073
1490360
179616
17278181
16461908
7567972
510924327
200542501
1436245
306625
35755063
14791511
492943940
32355583
4911717
1053171
86572
215765477
13626495
3461792
84217062
2693690
897347
200542501
81495003
3785589
682355
58024
215765477
13626495
3461792
53765709
1839592
547364
200542501
51282842
271
20455
250661
14102
327572
19468013
372
8543
370041
777546
19006
641527
221314
1970380
1170186
424997
5076091
2565724
3461792
1354883
34863638
198913
2283714
1195290
1402930
646073
16657594
4168677
1582553
50645370
33227886
1801122
784265
27360458
16001104
49077237
26718423
455223
143567
1253091
829639
424997
5076091
2565724
3461792
1354883
34863638
125530
1384108
813700
850677
427700
10326085
4168677
1582553
50645370
33227886
1043763
508388
16264315
9861464
49077237
15813608
1185103
760935
2832163
199
10905021
14802622
4801
13355828
3218
1821
4733307
6395484
3456
4673376
2178
1254
132317651
114260
57861
32299
64293817
83888
41636
23853
1499619
1067496
380792
253054
888285
100
10905021
14802622
4801
13355828
3218
1821
1672786
2055206
1084
1571072
777
467
132317651
114260
57861
32299
22138603
22926
11235
7143
1499619
268172
815187
221314
21334720
1970380
546205
26038298
8855087
13626495
3461792
215765477
257633
14392622
3564358
7097988
1402930
114182642
16461908
7567972
510924327
200542501
8005670
2912311
268238061
104984070
492943940
258385218
