1334286
717
273
653
211159
26
2
10
176240
782
5
100
621152
25
8
16
2611886
149327
42130
149026
4932728
1257749
238461828
60749898
1724942
307536
235004597
12252185
9090471
2728325
234270715
159330571
143605
1253478
3467335
840148
44038
303117
3435528
183493
304088
2745493
3454265
2041255
4901827
451339
19478813
6329930
1731448
175994
19508779
1912049
9064408
794743
19433672
12672613
11
949
5920260
1192
1096
217142861
3106
4656
2
1438
3203
10
9
1536
21304559
1548
1969245
212891547
21318111
114486083
4535710
699593
21428618
7449815
13413913
2610551
13273929
2728257
4465242
2604892
4454824
276658
795750
2610904
798962
3208168
13356223
829636
4888261
883347
13452337
218308
1407446
4858449
825945
27399467
8756500
1762944
295026
27437887
2891929
26756388
1510293
80324171
56885007
5177
511583
13980
7186
10556
1334101
14321
14730
3967587
2234787
35477272
31641339
107448
39628
97874
546571
1524811
585114
45760
118659
52978
814523
75898
121846
5
2614649
5
361674
106
3
358063
171
59
47
435814
156465
381329
547415
1529560
584319
184883
472440
210497
815523
308135
1084234
639361
210074
3256524
1121813
585712
2273498
725920
303389
2494824
1922631
108579
17529
164737
424967
5083062
3461949
20689
205740
110151
4197984
155591
705147
209894
2880785
425464
5069396
3462809
238524
3645732
2501465
4130225
3246743
454353
143664
1251092
424359
5051159
3461316
125921
1385181
841001
4172938
1033991
1796854
1172028
1980908
10820432
36465484
34981694
6635623
22198395
16690985
747969664
509776409
669686
421392
767777
10851404
36466521
34628458
2518677
8493618
6688872
763223895
203404814
2217158
1509443
2717154
10922576
35856959
35442070
8071781
27784082
22391747
741122331
637708520
36254186
1037771
80328462
41872
2607417
148991
1039899
79853704
7733836
148659
7882194
121806
460188
36256187
44971
2765604
13626990
45530
2757997
13591555
1828027
1809727
456125
84268
10384018
547424
26063492
13601264
96507
7393369
2840235
16485397
2882430
1536169
458872
36245675
548231
25960828
13634113
547643
25887855
13653856
16552978
16387627
496456
305373
1190844
10969446
14773499
13285904
1833614
2646433
1819240
131806001
24697201
3034304
2606247
7459072
10952940
14668905
13378685
10904543
14836734
13326649
133699792
131782917
1800385
1173204
4398211
10963207
14797286
13287549
6692384
9291842
7106004
130761729
89542893
8861011
2338611
214833406
151043290
4918102
1050924
216960384
83921025
5226
510805
5528607
14278
316444
19491315
7252
171794
7262319
790766
345455
2670
382390
4565497
14427
328378
19522222
3547
93743
6884090
738393
316116
8195
916962
10368188
13795
327281
19711353
11183
271163
14585930
785459
650554
295954
84326
694062
525370
427780
5072947
2569851
3473495
1351330
35065412
71223
728676
495073
446033
250382
5793924
4156991
1578497
50752876
32991940
498857
290371
8071281
5632713
49532898
8170626
233765
64490
483616
409204
425159
5083043
2569182
3470934
1364120
34945169
52871
480351
380872
296308
184334
3767347
4173204
1572462
50339002
33401378
343529
204638
5188680
3501417
49987810
4963088
437029
293699
1129845
298914
10887110
14819570
36590111
13419058
35139673
35749042
1215846
1987260
2899877
1622868
2149992
2648178
129680208
758184943
544735812
430937317
17983047
80876848
51665746
34403564
12571779324
1410173304
437752
35
1126472
294078
1668
14816928
36456305
392
2971
35303547
526
1991603
2772247
121
391
2604557
12350
112164
543730429
16246
2294
-3666
47922462
4585
1506788
234020
1799680
1167700
4402177
1984292
10838845
14874725
36043960
13308547
34821543
36433492
6647147
9371652
22239212
6977802
16699415
18251544
133269316
741731231
537878634
439702287
90533800
520838451
368324662
252513311
12495139169
9289665222
1535928
460744
36224041
4540759
544150
26040567
8888750
13590198
3469121
215497682
546711
26038366
8866788
13712473
3453912
218461989
16451985
7604520
507496068
201856934
16374238
7681337
506226878
199366286
495511616
493696674
275845
43878
5920052
291213
547324
26200339
8850578
13624540
3459135
215023360
46594
4287819
487733
1498999
176359
16777058
16463591
7575448
515581987
198728230
1443338
287159
39052633
14587257
485911690
33609524
4904927
1056937
86671
215839348
13635485
3443234
84379482
2702018
889280
200736814
82401781
3770314
678002
58099
215387276
13597129
3444254
54117059
1846938
549260
201791990
49756015
265
20645
249805
14341
329007
19600968
369
9081
375317
785760
12198
641379
221519
1976557
1170057
425111
5035707
2574592
3476868
1353282
34314292
199032
2284755
1189046
1423130
641812
16448518
4174234
1580654
50744680
33255850
1748295
782039
27208512
16262997
49366394
27025084
454954
142842
1252760
827129
423669
5048296
2560053
3465512
1349649
35097018
124799
1388506
808176
836602
428157
10294291
4194471
1582257
50442959
33435928
1042169
503274
16622417
9766759
50670683
15765369
1183201
761354
2825713
198
11073978
14703234
4798
13407278
3187
1722
4709404
6402578
3460
4665337
2161
1395
131275598
92485
58609
28207
63667694
76338
44249
24247
1606320
1071026
380749
251257
889149
97
10856069
14895139
4808
13362852
3191
1898
1682351
2048689
914
1551127
817
459
132526731
114634
65515
31114
21352993
26603
19471
8520
1445905
391392
815764
221224
21353436
1986236
546889
25949392
8784112
13591615
3472366
215845979
257612
14374129
3574631
7081875
1423737
114868245
16566994
7544562
509471298
196992350
8005114
2870221
269762618
105651850
492791822
259606076
