79851
10220614
1458075
1709781
7491903
428612
55900138
10972
699302
36337035
9405
481420
173407
704085
303005
698213
780683
169446
11630
780683
1227386
53564
32260
326559
263105194
49655
126748
1018612
10984892
64566
23267
315516
447953
20126
40
200
10223864
132504
79610
10223864
10234398
45485
55035
245567
596
2734033
70752
11091
302620
63543
63500
11050
90414
10895
291926
69617
251068
288438
31965
26836
2704241
32918
86112
2488080
1056687
20334
62294
144017
29072
433
62294
4582
173065
35157
670344
11077
261948
45464
35034
670154
176221
45455
176191
170249
32792
11102
77059
32792
142137
8528
25033
36980622
242937
42543
84481
40496
244
272870860
256660
2489
1799
42036
289619
3660301
89863
79851
16049150
284619
3660301
16049150
93000
206773
9872
60506
2112679
59978
80977
595820
1187068
1056687
34789
1486002
37048
79851
232039659
1187068
1056687
1486002
232039659
368186
956304
28260
413771
38786
67113
19383482
239532
475290
298796
6672465
235010920
10967392
64129
12470361
140071
20007
52988984588
2038871
221701
425598
19402569
263105194
505601
19556
593512
62790
40
2724339544
157483
200
440
6299
2201378
3321285
24049
1056687
33891
77791
596251188
2169982
3271463
1012835
593169291
346990
10238947
92013
41772
913
68895
91539518
70700
1984289
18346
3169724
345663
10238947
46989
41442
381
57353
91443369
4204
261931
3236
52313
35295
642583
865125
59346
69701
1057588
206322
282841
3460999
371988
1633681
1423047
9976404
130707
443440
42002
79006
105742741
1423047
9976404
443440
105742741
69114343
10235746
48758
6011297
16892
58111
19491642584
194277
281119
103411
2034610
9249
41873
3544708
58078
4543
244545
190339
28565
560
1091
22791
53752
332
11332
5044
1717
213642
1331347
150600
41569
915414
209583
147464
896180
916826
38775
452527
60142
3728285
68676
404170
58846511
264252
550289
7661811
1236745
130349
15878293
8538
190399
58524
181951
120985656
659318
51156
2101105
2639317
1816
3591110
574
1048797
2560
1291
503641171
6576
2275
6272
25695
31580
691045
847176
3167
61284
56627
55293
66311
1228382
10594
160411
147586
194687
262343
3918357
19015
18097
334037
403975
69251
65948
988335
1730990
114676
454094
535671
1794583
356545
171470
131564
4636
9880
14444
42167
810
25576010
1320425
535671
4581217
1794583
356545
222147
131564
4636
14444
60601561
25576010
1320425
4581217
222147
60601561
393181
15890691
11026771
20475
24105
18817
53
1056687
26948
5321
118159201
66690469
222
2809685334
52366
3672
3829734
120
16
4930
21963242042
813
58
11645
56
224
11575234
71021
3244883
8862
83727
3589712
65951
28435
649
67832
86718696
3183702582
666674
20762610
3254
201495
16621776
18142
876769
9988
27903957956
336373
34614069
113727
553968
18597973
32749
2202146
3322860
1561
60591
62905
1716
1056687
11130
40625
3842095
3861488
255
596329310
2276
5340
4116849
2054
5670
29249
917236886
1129
1501
14692
12469
9812
1774105
54459286
15361320
62181
902413
430601
35799
3494467
51691
62539
600488707
145721726
332175
14223471879
565858
427027
54439732
236070
186140
288162
111788720164
6196023
3660633
6349008
2418433
86914174
311724
263105194
15716615
66480
494123
73766
4137
16057294
152743
61425
360985600
24666983
68599
78760414970
2563676
552707
39205297
148234
31954
1054352
64145760515
8561196
1237854
42487664
2754917
228748307
33309
90072
11097
42188
452644
79851
33295
88490
1032818
10828
293006
452644
32682
913441
1032818
293006
913441
29229
3772
229
1774
18209
65153
522
3365
35849
192
3050
13729
468
5551
25762
1651
4801
596
50205
54807156
3632995
148177
60582
15948894
26
1582530
76885
1759830
333338
11926912932
980375
947
269
366420660
41739412
14413
596
90584
2737086
3728360
34789
79851
1056687
593
70752
78986
2737086
3728360
535001368
1056687
70752
78986
15887370
535001368
15887370
596
67930
121174
3723967
942
72791
41153
218
2642
78895
32380
738281
24804704
16394
312
7584
644030
908830
5091
10959
21426821
2712537
3676560
79662
6053427
6167152
58416
1052150
31148
71547
595640
229898
290032
8909
5501743912
5052664850
18631047
524530417
2409832
2954776
1436127482
5699168
5385663
858085
85021978
102024046
352054
23326398
130192
167260
1612423052492
5383224109
4664599508
488657174
1389418172
21215255783
67575395
58582347
9726255
1593915597881
17849233970
7972
416123
196751
217519
9921
2638909
3624412
48768
1056132
19995
60793
429194
195322
244076
4846
30215448
35509433
113661
15012180
46721
79008
510775350
165958
328282
137842
42872686
52842857
68535
21015348
35439
58593
4939100348
2869244
2841756
1030854
3679189
8800936650
1916135
2081898
927657
130188114
88962973
174305
33326
865125
11102
328064
3728360
57955
316252
67286
33326
865125
7804481
106271
1245351
316252
293141
8128
19262337
168526
454662
1245351
913994
24072
57607162
413794
846751
13327432
179357
98079
1762022
50593988
711808
289350
4440573
3279466
11947976
28256
28803
666440
4556
47828
183601
9723
156174
64342
12375
119851
428714
22952
572851
29438
98645
3268
938446
33755
91862
83029
286965
9219
2363250
91002
232501
743156
19619
42182
384970
2358143
57739
124795
1120644
275411
868310
1532
2957
58321
3847
62202
163757
11323
316252
79851
640
10043
21714
1503
133257
31875
78867
3757
1120872
60960
163757
5794
9266
626
191742
9855
21714
754398
31081
78867
1120872
109961
5706
9266
191742
754398
109961
65658
18301
4185
7995
998
430179
35623
559
63526
15003
2475
708231
55359
1564
382
179324
5909
22870
721
221968
974
347707
11165
55693
1874
359290
13691
250
57466
8271
33242
713
110828
20289
3446
8893
4378
34640
671772
10988114
171050
529
10606
60597
34635
1613
25205
341092
4311
209956
3059536
34054
47513578
660673
10988114
2869
9270
125401
1593
1994249
24802
341092
18218641
206627
3059536
47513578
692609
9130
125401
1994249
18218641
692609
17103
24679
161741
7472581
53154
3043
11016
12763
18677
6935
26496
1042912
6318
38729
1875250
8884
10509138
60094
203806
3997
12972
481446
2505
1622951
10174
31821
2754864
15002
54549
287976
833695
5051
17367
70333
151988
33955
161074
35199
167345
356034
170260
10545
86319
10684
809
30862
155051
328480
157979
33712
98084
34509
338555
164566
356034
10145
29571
86857
30286
311826
152546
328480
92567
33117
98084
338555
82213
29078
86857
311826
92567
82213
4460
22346
66548
7442989
42661
670
2637
10006
17166
1444
4460
263593
1231
22346
1735875
6693
4421852
21103
76983
670
1444
96906
365
263593
1231
2013
1735875
6693
16371
38819
96906
365
469
2013
16371
469
174305
33326
704085
862828
15900001
11102
303187
327152
71242
315611
1327972
33326
704085
862828
15900001
232285
1242977
3814706
4245830
70129559
81746778
71242
315611
1327972
2461248
232285
1242977
3814706
4245830
70129559
81746778
10257634
26312006
141313952
412908832
2461248
10257634
26312006
141313952
412908832
1112747282
1112747282
65647
18836
529790
589658
10238947
7258
211947
128465
65334
287359
1328246
14505
372882
230062
5647036
129075
495636
1710127
2786954
44116097
46704335
44651
75613
762635
2243020
99251
162684
1307922
1541181
32280163
18999553
3825442
11526851
42172701
227354931
507603
1219820
8855904
14974579
127019726
300617108
107654752
22212
32679
701779
673007
15818932
4664
64200
46899
71242
178630
983609
11134
134334
100438
2169226
227730
664648
3747965
3091669
69793800
64080045
29224
37735
280772
1354730
76119
97802
1242718
650689
13106182
10006378
5409092
25845595
76671683
303810014
246170
682253
8405156
11506915
64499873
596730990
80052528
174305
33326
174305
97054
15900001
11102
91976
33691
11102
130148
33691
33326
174305
97054
15900001
33326
520705
3814706
97054
15900001
9387994
11102
130148
33691
130148
33326
520705
3814706
97054
15900001
9387994
520705
3814706
58623592
9387994
130148
520705
3814706
58623592
9387994
58623592
58623592
134678
20522
2681
591108
9940949
10626
1038
319008
537
316252
10299
19618
2666
562905
9928635
1218
554063
1832228
28764
183166
45681122
411
216565
8989
43278
1039
358992
1767705
24955
182786
44147556
83851
84334
46397842
1940859
8378
17430
77087
33572080
1811898
4365157
1582060
78162
32941
664704
8289
15887427
10595
197778
1184
64479
597
10773
26711
410781
3495
8159945
206901
2861
3788320
52698
66476844
934775
60962
544
7129
4263
161596
1966
3160819
23662
43292238
387367
22304
23849934
311606
5919210
3773
13715
19279952
211591
2734756
2619523
1639421
86053
704085
865125
207015
118732
409126
40508
1331347
79851
488583
302981
922156
84576
4255848
700696
2147406
203276
2012684
116602
409126
2013844
5517172
479480
5588393
297636
922156
12139474
687703
2147406
2012684
38686327
1977058
5517172
5588393
12139474
38686327
58070
527280
589000
201156
112363
377700
30671
1331347
55970
321700
181841
576307
43915
2784147
665901
1980325
152027
1687101
72077
122301
1182515
3349623
239684
2863319
115152
184501
10322152
419910
622597
341810
19192601
734009
1050981
579695
2036913
3812589
83428
174305
683288
41710
94239
425933
26496
262116
48141
83428
224227
922331
51472
683288
94239
425933
26496
1760476
46047
86270
224227
922331
51472
4728606
103316
175748
1760476
46047
86270
186206
4728606
103316
175748
434967
186206
434967
30578
704085
97054
73582
25932
201916
11555
214245
71850
194727
65424
498086
27503
704508
154585
1162655
65782
560807
21632
138289
435424
3223833
175892
1440551
55797
342858
3387979
130309
815655
327333
9825915
375085
2253890
869218
2057705
5982882
29284
704085
4010
74304
495
215690
12841
7927
79851
183554
1557
517083
28803
28377
4233
1250330
72777
12873
492
215690
14143
3318431
180320
48222
1548
517083
109211
4213
1250330
12873
426751
14071
3318431
48222
109211
426751
20059
529790
590979
67005
71750
176721
7505
1331073
55147
127200
130442
308358
12716
2792760
435449
1007297
42007
1427605
38573
35682
893715
1963176
80402
2662177
71863
64169
8639743
234558
204604
200378
18099250
493271
423429
402345
1248707
2870375
1659783
160207
39797
1459345
657592
132712
12426
657592
260852417
62423
149025
1771584
263105194
69018
163513
2323452
10993960
170480
34664
10993951
11029918
166415
33533
10862842
591108
56533
134887
328064
209182
591108
56533
209182
15796144
73909
68130
758411
10223864
132504
79610
10223864
54725800
145895
49174
1356723
1008487
205970
10205
582617
54200975
178928
63604
4197329
293859
37249
155561
2162683
34789
46273
2162683
2737086
27929
72152
1100297
704085
864796
174305
1330735
303187
327888
4254157
704085
864796
1330735
4254157
520457
456127
133397
985080
300288
262116
2016238
520457
456127
985080
2016238
783881
11015599
164047
171377
11436
32349
70306921
697548
10544032
129111
56359398
1787527
11030553
125725
372328
39132
28895
129983957
1100480
3412592
243679
40855663
1458221
7491903
47188
373777
32854
18280
100572053
224804
113650
53869
1490297
86810
865125
125349
40645
310335
84759
122304
303210
115487
589044
271632
85857
414167
113882
266893
408599
143872
443526
41935
79593
2809424
140884
443526
2809424
371909
1056687
23113
450917
37799
66192
22611584
151229
204329
253539
3778084
260664622
11031325
57512
13983299
139728
17404
57449461905
1643026
141015
320887
11075893
166885001
7472486
80882
14111005
194813
29904
37978810501
5645148
949319
1861587
183537163
53580751
10790526
46532
2639317
40568
11735
10560550246
365522
48772
36614
569476
2087379
3203614
24368
991738
33690
77535
537352263
2087379
3203614
991738
537352263
2201378
3321285
24049
1056687
33891
77791
596251188
2169982
3271463
1012835
593169291
22016
529790
589751
134887
55626
53419
9794
1326706
303187
326887
136011
130027
22016
2786997
529790
589751
377582
55626
53419
1326706
978405
136011
130027
2786997
377582
978405
23304
529790
591108
134887
59832
60440
10423
1331347
303187
328064
145541
146248
23304
2793122
529790
591108
427169
59832
60440
1331347
1104151
145541
146248
2793122
427169
1104151
32645
642530
864063
174305
52257
64699
10032
1260416
272988
327650
185957
267713
32645
4040813
642530
864063
428079
52257
64699
1260416
1957551
185957
267713
4040813
428079
1957551
31229
704085
862828
174305
54502
56757
9549
1327972
303187
327152
194539
235437
31229
4245830
704085
862828
401079
54502
56757
1327972
1839326
194539
235437
4245830
401079
1839326
261938196
15833285
54402
16322646
136807
59312
79235427124
1423316
345737
739163
18382871
52345244
15674319
65943
3455248
49719
61057
13701953477
1031868
540560
341222
19424781
257948495
15329217
70030
15901240
162695
65776
76679643179
2697536
609782
1155518
43927632
22310877
1331833
1192
15975345
167503
68382
7234622392
49318
14309
1242771
986987
217448
977123
109665
31729
645020
157452
62169
354388
200802
1288522
130721
34830
759809
167333
96144
554302
674563
22618
6367202
35776
399188
65475
139036
64185580
181824
203957
1936953
54661696
258907
16318029
84828
3716905
75698
49191000
12317095804
14328073
3349913
11637523617
329862
47834
3129544
9739
191853
62746
80133
24863332
284345
70835
1116000
47376444
279018
16203910
47100
3115494
79851
47376444
11206879551
16203910
3115494
11206879551
1454263
281808
16322646
12912
216873
79838
1454263
154355934
16322611
216873
154355934
14104617
156020
16293878
19477
1053933
64907
442957
3133987157
1043962
120415
6351775
373623
21676
449327
10430
1046838
38533
11332
22564579
52993
23386
56205
14111005
281859
16322646
34789
1056687
79851
14111005
3136348028
16322646
1056687
3136348028
22210
21077
529790
468748
3711
74548
66189
52130
35692
989610
8938
142432
124001
130766
87697
2082832
23304
25523
415486
243903
61110
63711
878864
640157
184562
490921
25695
31580
691045
847176
3167
61284
56627
55293
66311
1228382
10594
160411
147586
194687
262343
3918357
19015
18097
334037
403975
69251
65948
988335
1730990
114676
454094
87913
35173
701334
681443
10666
212264
97099
63615
45487
989610
33535
502222
248888
219124
180486
3134682
60577
35452
564227
306302
207359
131280
1624890
1336950
226973
914210
167242
30379
697276
52606
10074
298469
62670
28359
659714
50737
203839
5817
199310
61674
185637
5220
188226
40734
35205
65529
22337322
35785
1933
2941291
19791
36915
590855
170323
771
141069729
328256
11279
209235331
315245
925
8924314
1284580
11044
58846
1374616477
2477892
12940
212898
2002061
2863626
1734830
51551247
459497
34546
836767
18269
25348
113681
32677
240
541576193
5909197
87396
480939244
108073
1299
2011745
72816
676
17147
3870790306
535358
7189
8772
5057
96484
263105194
15568550
508105
50973
15812416
599646
128316
40644
55320
427
78147491078
2738898533
1147749
138483693
295550
6607
124537262
642330
16468
3780
913283715750
11961136
785324
89399
234941
13971410
609866
162374170
10238947
4586
1198886
183858
741
15948847
18745
11599
832493707
58231423
881
47420998692
19761
7870
115569079
3017
1348
27920
203750648599
5222
2324
46217
6698
16698
28846
167312466
10238947
132712
61634
8897
866
16322646
281859
79851
23267235
1610002
28846
49002548446
167312466
10238947
3360391
61634
8897
16322646
2263957167
23267235
1610002
49002548446
3360391
2263957167
868002
256479273
15518956
57627
1427072
211843
9610
16322646
144407
61518
1581408582
101351830
119580
77821458190
1765715
410288
150888972
275324
69518
869316
422358560837
11874391
1885363
25103355
4229083
255355807
26352
25066
4058
11763
180943
79851
10033
24665
396632
3982
89803
180943
9879
233930
396632
89803
233930
596
90109
2712537
3665459
34789
79206
1050170
593
70752
78137
2712537
3665459
522510304
1050170
70752
78137
15677331
522510304
15677331
166502
30009
865125
6879
264920
3483198
88461
291690
77692
18602
607655
6974839
163984
1141338
56968
134801
6710
13909829
260355
3483198
159813
376280
18198
34375856
598098
6974839
1422002
55513
134801
13909829
4231593
156956
376280
34375856
1422002
4231593
20043
18089
529790
582959
10178277
132712
6218
71953
87809
62530
268505
1314885
78544
10139
125100
143102
1613494
19628
124141
466494
1631222
17707
2753908
43872001
520248
45707592
571591
10178277
40467
133657
542064
2103120
68374
173718
906966
9921
967844
10107224
122537
11678813
139845
1613494
3618173
11014660
121477
38895008
453015
1631222
222420785
2693999
43872001
45707592
959222
1178501
6133136
66749
16500753
169866
906966
79337134
946861
10107224
11678813
279208161
3526360
11014660
38895008
222420785
113925678
1151874
6133136
16500753
79337134
279208161
113925678
171647
30393
704085
865125
15900001
171470
8786
298827
299322
65334
287961
1331347
79851
25273
692309
742435
15683189
168900
211971
1122938
3452526
29591
4255848
70129559
691208
81958485
847168
15900001
54737
119632
1177021
2247616
172885
390091
2821168
24685
3460806
69119371
679830
71466602
728017
15683189
9265894
23808461
205841
127416476
1079491
3452526
413991602
4154456
70129559
81958485
797534
2793773
19108639
168708
44260014
377452
2821168
348955301
3384567
69119371
71466602
1000743441
8872062
23808461
127416476
413991602
312148706
2704978
19108639
44260014
348955301
1000743441
312148706
64406
19912
527835
585989
10225026
132451
10683
215985
152614
69462
303416
1326566
79851
18316
361425
253217
5543342
63198
136431
520276
1827833
19469
2763952
43970699
518370
46537849
574721
10225026
68389
300737
928622
2368493
121625
488680
1706513
17903
1677253
31274384
354404
21200677
246477
5543342
4030299
12304064
133378
44869387
504508
1827833
226229172
2704307
43970699
46537849
2342248
3701478
11214638
118785
42793812
473164
1706513
139632376
1633686
31274384
21200677
319981016
3923087
12304064
44869387
226229172
299574955
3596066
11214638
42793812
139632376
319981016
299574955
29236
29657
699208
668933
14929017
170249
6021
71359
55484
65334
164951
987389
75910
16583
185793
146285
2762071
28596
206697
600807
3246110
28885
3076706
65723184
686665
61160701
655992
14929017
38925
65432
339466
1251420
116033
186721
1785176
16219
1000676
17589523
181816
14185466
142418
2762071
4890045
22385875
200752
67369732
577029
3246110
289290682
3006637
65723184
61160701
445535
1328499
12492036
113409
21582838
182241
1785176
96498890
975631
17589523
14185466
524182774
4681602
22385875
67369732
289290682
155696936
1297422
12492036
21582838
96498890
524182774
155696936
90677
704085
865125
217851
154617
451967
37022
1331347
64490
520351
427774
1035019
77261
4255848
948354
2410386
185940
3408749
110685
210347
3005809
6254690
439077
10049407
298982
465676
21714973
665965
1093349
870305
71123272
2087179
2777219
2523140
5444892
18762969
90309
33859
210237
863038
10581
38637
150090
41977
12272
64243
357171
33758
117788
412822
88722
51426
265135
1411723
12249
61687
10453
175223
38044
146996
90846
51304
251465
33366
668362
116096
405572
458451
87842
12124
60963
172157
438690
50824
249157
659522
87188
436286
169983
33456
679915
853748
10494
289244
318561
89639
59178
68029
1179398
32546
659401
803828
167410
204137
267839
3807034
58730
65064
10354
1156329
284839
312661
396051
198082
248612
32154
3482755
649110
790217
1706906
387888
57968
64156
1137071
1586326
195525
245765
3429589
383348
1570429
