79851
10220614
1458075
1709781
8196655
428612
55900138
11407
577226
36337035
9405
768635
173407
704085
303005
698213
780683
169446
11630
780683
1227386
53564
32260
326559
263105194
49655
126748
1018612
10984892
64566
23267
315516
447953
20126
40
200
10223864
132504
79610
10223864
10234398
45485
55035
245567
596
2734033
79551
11091
302620
63543
63500
11050
90414
2826
291926
69617
111095
288438
31965
48227
2704241
32918
86112
2488080
1056687
20334
62294
144017
29072
433
62294
4582
173065
35157
670344
11077
265125
45464
35034
670154
176221
45455
176191
170249
32792
11102
77059
32792
83570
-22724
-47603
36980622
242937
42543
84481
40496
244
272870860
256660
2489
1799
42036
289619
3660301
89863
79851
16160829
268614
3660301
16006905
93000
206773
9872
60506
2071990
37018
80977
537370
1187068
1056687
34789
1486002
37048
79851
232039659
1187068
1056687
1486002
232039659
368186
956304
28260
413771
38786
67113
19383482
239532
475290
307901
6672465
235010920
10967392
64129
12470361
140071
20007
52988984588
2038871
221701
425598
19402569
263105194
505601
19556
593512
62790
40
2724339544
157483
200
440
6299
2201378
3321285
24049
1056687
33891
77791
596251188
2169982
3271463
1012835
593169291
346990
10238947
92013
41772
913
68895
91539518
70700
1984289
18346
3169724
345663
10238947
46989
41442
381
57353
91443369
4204
261931
3236
52313
35295
642583
865125
59346
69701
1057588
206322
282841
3460999
371988
1633681
1423047
9976404
130707
443440
42002
79006
105742741
1423047
9976404
443440
105742741
69114343
10235746
48758
6011297
16892
58111
19491642584
194277
281118
103411
2034610
9249
41873
3544708
58078
15697
235640
190339
57755
560
1091
22791
53752
82
20497
5044
3395
213642
1331347
151127
41569
915414
94812
73888
1171165
916826
38775
452527
60142
3728285
68676
404170
58846511
264252
568704
7661811
1236745
130349
15878293
8538
190399
58524
181951
120985656
659318
51156
2101105
2636128
1816
3591110
574
1048797
2560
1291
503641171
6576
2275
6272
25695
31580
691045
847176
3167
61284
56627
55293
66311
1228382
10594
160411
147339
194687
257769
3918357
19015
18097
334037
403975
69251
65948
988335
1730990
114676
454094
535671
1794583
356545
171470
119918
4636
9880
14444
42167
810
25576010
1320425
535671
4581217
1794583
356545
222147
131564
4636
14444
60601561
25576010
1320425
4581217
222147
60601561
393181
15890691
11026771
20475
24105
18817
53
1056687
26948
5321
118159201
66690469
222
2809685334
52366
3672
3829734
120
16
4930
21963242042
813
58
11645
56
224
11575234
71021
3244883
8862
83727
3589712
65951
28435
649
67832
86718696
3183702582
666674
20762610
3254
201495
16621776
18142
876769
9988
27903957956
336373
34614069
113727
553968
18597973
32749
2202146
3322860
1561
60591
62905
1716
1056687
11130
40625
3842095
3861488
255
596329310
2276
5340
4116849
2054
5670
29249
917236886
1129
1501
14692
12469
9812
1774105
54459286
15361320
62181
902413
430601
35799
3494467
51691
62539
600488707
145721726
332175
14223471879
565858
427027
54439732
236070
186140
288162
111788720164
6196023
3660633
6349008
2418433
86914174
311724
263105194
15716615
66480
494123
73766
4137
18829921
152743
61425
360985600
24666983
68599
78760414970
2563676
552707
39205297
148234
31954
1054352
64145760515
8561196
1237854
42487664
2754917
228748307
33309
90072
11097
42188
452644
79851
33295
48170
815982
3685
291760
452644
23999
1013155
904077
297365
849375
29229
3772
227
1774
18209
65153
517
1362
46212
-1335
-943
13729
-1084
5196
1513
7610
4625
607
50205
54807156
3632995
148177
60582
15948894
-298
1570280
72966
1759830
333338
11926912932
980375
-1656
5653
355255168
41739412
-7720
596
90584
2737086
3728360
34789
79851
1056687
1860
64823
80082
2737086
3728360
535001368
1056687
79821
82105
14417758
535001368
14855918
596
67930
121174
3723967
942
72791
41153
-1010
2456
89622
32380
738281
24804704
16394
568
11944
676046
908830
18565
10959
21426821
2712537
3676560
79662
6053427
6167152
58416
1052150
31148
71547
472355
329233
196356
14694
5501743912
5052664850
18631047
524530417
2409832
2954776
1436127482
5699168
5385663
858085
113620048
141198240
462664
26824392
101578
152010
1612423052492
5383224109
4664599508
488657174
1389418172
104508956672
303585504
106040544
-7922674
1593915597881
-28223283200
7972
416123
196751
217519
9921
2638909
3624412
48768
1056132
19995
60793
431480
241033
243655
2843
30215448
35509433
113661
15012180
46721
79008
510775350
165958
328282
137842
67883976
45375264
72576
18451588
44746
54558
4951329134
2869244
2841756
1030854
3679189
9045988352
1484820
2472030
624368
130188114
96449808
174305
33326
865125
11102
328064
3728360
57955
316252
67286
33326
865125
6911132
6005
1245351
316252
215856
3791
20031868
-6653
454662
1245351
513049
10302
56561208
503229
537873
30851698
528052
76239
1880667
-45475428
-3552986
375448
4663522
5487376
-24730500
28256
28803
666440
4556
47828
183601
9723
156174
64342
12375
119851
520839
28414
571790
29438
87351
5126
938798
33506
91862
83029
140797
1171
3906995
-115860
215631
-52370
129002
44023
259957
4121478
-351942
138654
982899
-12833
-4601346
1532
2957
58321
3847
62202
163757
11323
316252
79851
640
10043
17250
2798
133257
31875
111255
957
1330066
15120
163757
5794
20974
-3304
157904
15690
23788
3711983
309955
79940
1240420
-417412
-658056
7375
88037
2505329
1157682
65658
18301
4185
7995
998
430179
35623
559
63526
15003
2475
498625
38285
1564
382
214158
6589
18257
1650
221968
974
444484
23912
65294
1232
304386
23495
-2534
72612
9568
83845
-14377
103664
21862
-9007
38237
4378
34640
671772
10988114
171050
529
10606
60597
34635
1613
25205
365240
8693
209956
3197950
-3193
50204136
619189
10988114
2869
9270
111711
-1898
1929451
7180
401297
16064186
349518
3161992
48837872
686716
2888
125167
2298393
20463794
699654
17103
24679
158838
7472581
53154
3043
12469
12763
18677
6935
26496
1003860
-1658
38729
1633723
10615
9991843
-11643
203806
3997
12972
448724
-2990
1598915
-21767
77078
2756937
26284
-7359
542044
759024
1998
-44180
27238
110071
46285
161074
35199
167345
356034
170260
10545
86319
10684
809
30862
155051
340717
41850
33712
89439
60971
334741
5291
356034
10145
29571
88498
37896
232281
125542
275354
83979
51351
96219
278257
76486
499
82544
370260
99717
85461
4460
22346
66548
7442989
42661
670
2637
10006
17166
1444
4460
329401
1070
22346
1678550
-23764
3719951
11290
76983
670
1444
103668
-5381
285225
4343
12627
1990358
-9512
-33486
186694
48008
-1163
9897
-17390
122037
-13569
174305
33326
704085
862828
15900001
11102
303187
327152
71242
315611
1327972
33326
704085
862828
16729111
232285
1242977
3733009
4245830
65590228
80823344
71242
315611
1327972
2395584
232285
1242977
3887394
4245830
66893852
78237840
10257634
26745544
141567536
442009376
2461248
10257634
25931690
143657104
424505280
960404032
1502576640
65647
18140
522925
589658
10238947
7258
211947
128465
65334
287359
1328246
14576
372882
230062
6265421
129075
495636
1386333
2786954
45376540
48157348
44651
75613
762635
2243020
99251
162684
1298606
1541181
30657970
19637120
3825442
9424024
29342272
219896560
507603
1219820
9931241
18039400
123837392
316184608
100449144
22212
32679
701779
673007
15818932
4664
64200
46899
71242
178630
983609
11134
134334
100438
2135463
227730
664648
3862478
3091669
70095304
68922048
29224
37735
280772
1354730
76119
97802
1310904
650689
12134337
9430541
5409092
25893218
65891616
317556640
241569
682253
8070945
11864626
69842512
421833312
69184256
174305
33326
174305
97054
15900001
11102
91976
33691
11102
130148
33691
33326
174305
97054
15051616
16224
520705
3940602
97054
15287525
9000171
11102
130148
33691
130148
33326
520705
3777733
97054
15663193
8966194
520705
4075536
66129828
8412360
130148
520705
4039296
62739524
9367307
59901056
56439944
134678
20522
2681
575925
9940949
10626
1038
319008
537
316252
10299
19402
2666
562905
9316690
1218
554063
1770580
28764
189480
48079184
411
216565
8989
43278
1041
358992
1693940
24955
191159
44981632
83851
53553
49379608
1839618
8378
17430
78547
33238784
2067181
-109111
2374341
78162
32941
664704
8074
15887427
10595
197778
1184
64479
597
10773
26711
410781
3495
8242437
206901
2861
4502724
52698
69014016
909648
60962
544
7129
4263
161596
1966
2979104
23662
42680064
381118
22304
21890296
278630
5988299
3758
13715
20576052
269537
2699048
2012674
1756367
86053
704085
865125
207015
118732
409126
40508
1331347
79851
488583
302981
985749
71150
4161330
700696
1952130
173837
1920798
72982
409126
2013844
5115746
342717
2302366
-303603
1002568
11890662
582762
2131713
1965175
62808880
4626354
5467833
6813010
12704240
71886936
58070
527280
589000
201156
112363
377700
30671
1331347
55970
321700
181841
604138
14403
2784147
665901
2089277
122956
1578688
60464
122301
1182515
1956639
144975
2888293
-122352
164474
12796717
225878
413099
112917
15190337
-1685037
1563789
410347
3476678
-7513349
83428
174305
683288
41505
94239
425933
26496
262116
48141
83428
223491
747610
11868
683288
94239
476964
21359
1621762
-49778
86270
224227
659302
47124
2315576
459709
98574
1725811
18771
41273
295784
6626456
13058
110311
-90392
151920
657011
31810
704085
97054
73582
25932
201916
11555
214245
71850
194663
65424
571316
24755
704508
154585
1052952
65409
561661
13192
138289
435424
3120359
73179
1613173
79313
253439
2609692
163781
807457
350769
12148169
635420
2565435
896855
3064403
7999664
29284
704085
4010
74304
495
215690
12841
7936
79851
183554
1557
554368
45480
28377
4233
1267999
77603
10034
-18
215690
14143
3186433
112033
60016
-3042
422430
121384
1922
1109125
11866
321734
9952
2813669
51427
99359
397712
20059
529790
590979
67005
71750
176721
7505
1331073
55147
127200
130442
290456
4811
2792760
435449
1333803
36294
1643475
18327
35682
893715
1712888
-14094
1458629
57144
93252
8959814
390446
187860
179591
21800786
1299200
264685
602545
1349340
2457818
1659783
160207
39797
1459345
657592
132712
12426
657592
260852417
62423
149025
1771584
263105194
69018
163513
2323452
10993960
170480
34664
10993951
11029918
166415
33533
10862842
591108
56533
134887
328064
359201
591108
-125728
-3113
15796144
73909
68130
758411
10223864
132504
79610
10223864
54725800
145895
49174
1356723
1008487
205970
10205
582617
54200975
178928
63604
4197329
293859
37249
162601
2162683
34789
46273
2162683
2737086
27929
72152
1100297
704085
864796
174305
1330735
303187
327888
4254157
704085
864796
1330735
4254157
520457
456127
133397
985080
300288
262116
2016238
520457
456127
985080
2016238
783881
11015599
164047
171377
11436
32349
70306921
697548
10544032
129111
56359398
1787527
11030553
125725
372328
39132
28895
129983957
1100480
3412592
243679
40855663
1458221
7491903
47188
373777
32854
18280
100572053
224804
113650
53869
1490297
86810
865125
125349
40645
316037
59058
131669
1063519
115487
589044
271632
85857
414167
75319
67083
460379
143872
443526
41935
79593
1718450
120330
443526
3232699
371909
1056687
23113
450917
37799
66192
22611584
151229
204329
253539
3778084
260664622
11031325
57512
13983299
139728
17404
57449461905
1643026
141015
320887
11075893
166885001
7472486
80882
14111005
194813
29904
37978810501
5645148
949319
1861587
-5171583543
53580751
10790526
46532
2639317
40568
11735
10560550246
365522
48772
36614
569476
2087379
3203614
24368
991738
33690
77535
537352263
2087379
3203614
991738
537352263
2201378
3321285
24049
1056687
33891
77791
596251188
2169982
3271463
1012835
593169291
22016
529790
589751
134887
55626
53419
9794
1326706
303187
326887
128225
130027
22016
2786997
529790
589751
377582
55626
53419
1326706
978405
136011
130027
2786997
377582
978405
23304
529790
591108
134887
59832
60440
10423
1331347
303187
328064
145541
146248
23304
2793122
529790
591108
427169
58336
60440
1331347
1104151
145541
146248
2793122
427169
1104151
32645
642530
864063
174305
52257
64699
10032
1260416
272988
327650
185957
267713
32645
4040813
642530
864063
428079
51777
64699
1260416
1957551
185957
267713
4040813
428079
1957551
31229
704085
862828
174305
54502
56757
9549
1327972
298216
327152
194539
235437
31229
4245830
704085
859470
401079
54502
56757
1327972
1839326
194539
235437
4245830
401079
1840133
261938196
15833285
54402
16322646
136807
59312
79235427124
1423316
345737
739163
18382871
52345244
15674319
65943
3455248
49719
61057
13701953477
1031868
540560
341222
19424781
257948495
15329217
70030
15901240
162695
65776
76679643179
2697536
609782
1155518
43927632
22310877
1331833
1192
15975345
167503
68382
7234622392
49318
14309
1242771
986987
217448
977123
109665
31729
645020
93461
4166
603389
200802
1288522
130721
34830
759809
65351
96773
37700
674563
22618
6367202
35776
399188
65475
139036
64185580
181824
203957
1936953
54661696
258907
16318029
84828
3716905
75698
49191000
12317095804
14328073
3349913
11637523617
329862
47834
3129544
9739
191853
62746
80133
24863332
284345
70835
1116000
47376444
279018
16203910
47100
3115494
79851
47376444
11206879551
16203910
3115494
11206879551
1454263
281808
16322646
12912
216873
79838
1454263
154355934
16322611
216873
154355934
14104617
156020
16293878
19477
1053933
64907
442957
3133987157
1043962
120415
6351775
373623
21676
449327
10430
1046838
38533
11332
22564579
52993
23386
56205
14111005
281859
16322646
34789
1056687
79851
14111005
3136348028
16322646
1056687
3136348028
22210
21077
529790
468748
3711
74548
66189
52130
35692
989610
8938
142432
124001
130766
87697
2155721
23304
25523
415486
243903
59302
63711
883223
640157
184562
490921
25695
31580
691045
847176
3167
61284
56627
55293
66311
1228382
10594
160411
147586
194687
252945
3918357
19015
18097
334037
403975
69251
65948
988335
1730990
114676
450744
87913
35173
701334
681443
10666
212264
97099
63615
45405
989610
33535
502222
248888
219124
180486
3134682
60577
35452
564227
306302
207359
131280
1624890
1285147
226973
914210
167242
30379
697276
52606
9761
298469
62670
28359
659714
129387
203839
20665
356166
61674
185637
54712
356911
103329
-80564
65529
22337322
35785
1933
2941291
19791
36915
590855
170323
771
141069729
328256
11279
209235331
315245
925
8924314
1284580
11044
58846
1374616477
2477892
12940
212898
2002061
2863626
1734830
51551247
459497
34546
836767
18269
25348
113681
32677
240
541576193
5909197
87396
480939244
108073
1299
2011745
72816
676
17147
3870790306
535358
7189
8772
5057
96484
263105194
15568550
508105
50973
15812416
599646
128316
40644
55320
427
78147491078
2738898533
1147749
138483693
295550
6607
124537262
642330
16468
3780
913283715750
11961136
785324
89399
234941
13971410
609866
162374170
10238947
4586
1198886
183858
741
15948847
18745
11599
832493707
58231423
881
47420998692
19761
7870
115569079
3017
1348
27920
203750648599
5222
2324
46217
6698
16698
28846
167312466
10238947
132712
61634
8897
866
16322646
281859
79851
23267235
1610002
28846
49002548446
167312466
10238947
3360391
61634
8897
16322646
2263957167
23267235
1610002
49002548446
3360391
2263957167
868002
256479273
15518956
57627
1427072
211843
9610
16322646
144407
61518
1581408582
101351830
119580
77821458190
1765715
410288
150888972
275324
69518
869316
422358560837
11874391
1885363
25103355
4229083
255355807
26352
25066
4058
11763
180943
79851
9925
37263
393720
-3131
92086
180943
-515
285475
521876
71388
237129
596
90109
2712537
3665459
34789
79206
1050170
2330
86301
79270
2712537
3665459
522510304
1050170
76739
75712
14563636
522510304
13268282
166502
30009
865125
6879
264920
3483198
88461
291690
77692
18602
607655
6635289
103091
1141338
56968
-16852
11088
13346240
153121
3483198
159813
569065
-61753
33099832
1553453
7737708
-4604730
-856332
120946
13198695
53602940
-11721007
520095
33287788
-2403864
-23312644
20043
18089
529790
582959
10178277
132712
6218
71953
87809
62530
268505
1314885
78544
10139
125100
143102
1549700
-1227
124141
466494
1595314
-17420
2753908
40874952
500668
45088912
706021
10178277
40467
133657
542064
2103120
68374
173718
854472
22882
967844
9091337
125997
8527683
-279
1684197
3618173
8574513
47773
35758120
-1701832
1622644
202609488
1722237
43642844
44765204
959222
1178501
7154151
163238
25916026
-122952
890335
78126760
2899679
9045111
10271709
226474400
9607799
7794984
45517952
234406272
79333656
2353785
6527015
19055654
74497408
313687264
117906976
171721
30393
704085
865125
15900001
171470
8786
298827
299322
65334
287961
1331347
79851
25273
671251
742435
15424801
29233
211971
1130081
3655617
63863
4255848
59751044
299091
76686288
399670
15900001
54737
119632
1177021
2247616
172885
390091
2651475
29726
3460806
53921664
247190
67846392
330665
16386785
9265894
24386254
128326
143467712
2848851
3452579
398016704
2403017
69850344
82317144
797534
2793773
18045040
112118
43129776
403567
3038887
317410176
1732660
68592024
64308720
1087773184
21826908
19814452
146603104
421242400
285408192
2429182
19614918
41678984
354043296
903894720
308050112
64406
19912
527835
585989
10225026
132451
10683
215985
152614
69462
303416
1326566
79926
18316
361425
253217
6016264
49200
136431
520276
2032767
23166
2763952
38710540
470935
38577576
701756
10225026
68389
300737
928622
2368493
121625
488680
1657230
6787
1677253
29523314
111916
20630412
219712
5418351
4030299
10818298
410448
44935084
3261929
1279721
246491040
1980472
40232204
49439704
2342248
3701478
11607151
-126653
47518140
-347044
1661238
162995584
2648822
32533256
20249724
266859232
19268808
11488412
41457624
227471456
465644096
-6752527
11828256
41252968
147129456
149407072
162286464
29236
29657
699208
668933
14929017
170249
6021
71359
55484
65334
164951
961051
75910
16583
185793
146285
2943206
44599
206697
600807
2931529
49264
3076706
67278776
1140929
61823180
21208
14929017
38925
65432
339466
1251420
116033
186721
1582298
16549
1000676
19043886
-42393
15111416
66660
2770431
4890045
23381350
172414
56566568
1288440
2815855
265993056
1882781
62409836
57921168
445535
1328499
11742067
65595
17126546
723317
1758154
91318960
1386240
19362084
15472870
487237152
2007934
22441516
67941224
297704800
155775408
7413403
11609815
21832028
100627064
519689920
164356064
90677
704085
796128
217851
154617
451967
37022
1331347
64490
520351
427774
1124573
20708
4255848
948354
2446458
185140
4113071
45600
210347
3005809
6041173
298036
8587659
612982
341885
23431102
238217
1127578
489091
67576312
2364228
2873495
3543371
4251185
4671119
90309
33859
217057
863038
10581
38637
150090
41977
12272
64243
357171
33758
117788
412822
47957
50930
265135
1411723
12249
61687
8014
175223
33442
107837
90846
51304
251465
40922
668362
156238
246005
458451
87842
10644
945
346822
438690
30238
23867
-414186
117306
1552568
169983
33456
673771
853748
10494
289244
318561
89639
59178
68029
1179398
32546
659401
803828
102472
204137
267839
3807034
58730
65064
3591
1156329
137418
512544
396051
198082
248612
5786
3482755
419229
1282037
1706906
387888
64387
193647
1810601
1586326
35611
-175950
-355208
334453
6315726
