79851
10220614
1458075
1709781
7491903
428612
55900138
10972
462809
36337035
9405
463587
173407
704085
303005
698213
780683
169446
11630
780683
1227386
53564
32260
326559
263105194
49655
126748
1018612
10984892
64566
23267
315516
447953
20126
40
200
10223864
132504
79610
10223864
10234398
45485
55035
245567
596
2734033
61290
11091
302620
63543
63500
11050
90414
12657
291926
69617
230385
288438
31965
26849
2429115
32918
86112
2488080
1056687
20334
62294
144017
29072
433
62294
4582
173065
35157
670344
11077
261948
45464
35034
670154
176221
45455
176191
170249
32792
11102
77059
32792
134093
12482
45141
36980622
242937
42543
84481
40496
244
272870860
256660
2489
1799
42036
289619
3660301
89863
79851
15531917
249790
3660301
17051078
92755
206773
9872
60506
2253933
52627
80977
716101
1187068
1056687
34789
1486002
37048
79851
232039659
1187068
1056687
1486002
232039659
368186
956304
28260
413771
38786
67113
19383482
239532
475290
298796
6672465
235010920
10967392
64129
12470361
140071
20007
52988984588
2038871
221701
425598
19402569
263105194
505601
19556
593512
62790
40
2724339544
157483
200
440
6299
2201378
3321285
24049
1056687
33891
77791
596251188
2169982
3271463
1012835
593169291
346990
10238947
92013
41772
913
68895
91539518
70700
1984289
18346
3169724
345663
10238947
46989
41442
381
57353
91443369
4204
261931
3236
52313
35295
642583
865125
59346
69701
1057588
206322
282841
3460999
371988
1633681
1423047
9976404
130707
443440
42002
79006
105742741
1423047
9976404
443440
105742741
69114343
10235746
48758
6011297
16892
58111
19491642584
194277
281119
103411
2034610
9249
41873
3544708
58078
20566
175073
190339
59873
560
1091
22791
53752
1810
2483
5044
1428
213642
1331347
150600
41569
915414
236697
53138
489566
916826
38775
452527
60142
3728285
68676
404170
58846511
264252
550289
7661811
1236745
130349
15878293
8538
190399
58524
181951
120985656
659318
51156
2101105
2639317
1816
3591110
574
1048797
2560
1291
503641171
6576
2275
6272
25695
31580
691045
847176
3167
61284
56627
55293
66311
1228382
10594
160411
147586
194320
262343
3918357
19015
18097
334037
403975
69251
65948
988335
1730990
114676
454094
535671
1794583
356545
171470
131564
4636
9880
14444
42167
810
25576010
1320425
535671
4581217
1794583
356545
222147
131564
4636
14444
60601561
25576010
1320425
4581217
222147
60601561
393181
15890691
11026771
20475
24105
18817
53
1056687
26948
5321
118159201
66690469
222
2809685334
52366
3672
3829734
120
16
4930
21963242042
813
58
11645
56
224
11575234
71021
3244883
8862
83727
3589712
65951
28435
649
67832
86718696
3183702582
666674
20762610
3254
201495
16621776
18142
876769
9988
27903957956
336373
34614069
113727
553968
18597973
32749
2202146
3322860
1561
60591
62905
1716
1056687
11130
40625
3842095
3861488
255
596329310
2276
5340
4116849
2054
5670
29249
917236886
1129
1501
14692
18370
9812
1774105
54459286
15361320
62181
902413
430601
35799
3494467
51691
62539
600488707
145721726
332175
14223471879
565858
427027
54439732
236070
186140
288162
111788720164
6196023
3660633
6349008
2418433
86914174
311724
263105194
15716615
66480
494123
73766
4137
16057294
152743
61425
360985600
24666983
68599
78760414970
2563676
552707
39205297
148234
31954
1054352
64145760515
8561196
1237854
42487664
2754917
228748307
33309
90072
11097
42188
452644
79851
33295
96694
1183435
-1199
272344
452644
10326
1284978
998528
294722
825129
29229
3772
229
1774
18209
65153
522
-3865
68022
461
6198
13729
-4430
-40634
25156
5868
-28223
596
50205
54807156
3632995
148177
60582
15948894
-556
1685122
84481
1759830
333338
11926912932
980375
926
3650
373442336
41739412
298470
596
90584
2737086
3728360
34789
79851
1056687
-235
76656
82713
2737086
3728360
535001368
1056687
72251
80691
14903516
535001368
15893666
596
67930
121174
3723967
942
72791
41153
300
2578
83357
32380
738281
24804704
16394
462
6066
656555
908830
9856
10959
21426821
2712537
3676560
79662
6053427
6167152
58416
1052150
31148
71547
509501
238015
312110
14139
5501743912
5052664850
18631047
524530417
2409832
2954776
1436127482
5699168
5385663
858085
49021200
138758080
-288239
38689700
142559
232069
1612423052492
5383224109
4664599508
488657174
1389418172
24584957952
133431848
11634836
994529
1593915597881
57300529152
7972
416123
196751
217519
9921
2638909
3624412
48768
1056132
19995
60793
438115
114942
281438
3291
30215448
35509433
113661
15012180
46721
79008
510775350
165958
328282
137842
55521932
54220828
59005
15553136
44828
47531
4939100348
2869244
2841756
1030854
3679189
8155439104
2103934
2645005
937546
130188114
110162448
174305
33326
865125
11102
328064
3728360
57955
316252
67286
33326
865125
7806806
92572
1245351
316252
272100
-7017
18111564
103684
454662
1245351
895953
-12456
54445440
-104740
707825
21239570
-8558
129324
1613759
16472008
-3953882
145150
2536113
568481
32626964
28256
28803
666440
4556
47828
183601
9723
156174
64342
12375
119851
355189
10448
572851
29438
146377
479
783634
524
91862
83029
339608
7777
3239297
-55884
253632
1213263
378495
55610
345429
15140708
1368300
54048
560093
206536
2154917
1532
2957
58321
3847
62202
163757
11323
316252
79851
640
10043
11322
3210
133257
31875
95503
7700
1184172
28081
163757
5794
35258
174
284920
12951
15938
-1359208
-182154
104774
1144731
1071369
-129276
9008
111382
3438904
1362487
65658
18301
4185
7995
998
430179
35623
559
63526
15003
2475
618751
32967
1564
382
214151
-7218
21847
1543
221968
974
161214
22063
53457
2531
330379
13404
-1842
67707
8740
69314
-5447
156658
-1929
13204
34458
4378
34640
671772
10988114
171050
529
10606
60597
34635
1613
25205
321657
10784
209956
3179368
30624
49016292
731094
10988114
2869
9270
136412
3543
2198166
26104
374190
17293060
115456
3050683
47825992
804295
1635
94788
1946460
17744072
807993
17103
24679
161491
7472581
53154
3043
11016
12763
18677
6935
26496
1105003
4881
38729
1782362
17829
10606864
25242
203806
3997
12972
521522
3129
1620973
5099
54272
2837708
-14643
41730
231740
888167
14110
15394
106805
229283
52770
161074
35199
167345
356034
170260
10545
86319
10684
809
30862
155051
328004
164606
33712
100894
25477
334312
161424
356034
10145
29571
82525
40796
320158
132669
332753
92324
30156
96406
337094
81198
43891
80648
313919
96033
79024
4460
22346
66548
7442989
42661
670
2637
10006
17166
1444
4460
299265
485
22346
1654599
8751
4286896
9555
76983
670
1444
95231
2557
345711
-2397
-11293
1680497
6146
10029
21244
115834
2957
-1813
15421
57173
14701
174305
33326
704085
862828
15900001
11102
303187
327152
71242
315611
1327972
33326
704085
862828
16228321
232285
1242977
3810286
4245830
70119576
81055336
71242
327355
1327972
2461248
232285
1242977
3957628
4245830
69509056
82290752
10257634
27007056
128899040
416097568
2461248
10257634
24543930
139948160
411170592
1257281792
1149023232
65647
18836
529790
589658
10238947
7258
211947
128465
65334
287359
1328246
14505
372882
230062
5646363
129075
495636
1752635
2786954
44254860
47889536
44651
75613
762635
2243020
99251
162684
1341920
1541181
33294768
18362196
3825442
12245149
38685700
224345712
507603
1219820
9333704
16577311
129143496
465499488
106103680
22212
32679
701779
673007
15818932
4664
64200
46899
71242
178630
983609
11134
134334
100438
2231682
227730
664648
3670452
3091669
69661912
64656068
29224
37735
280772
1354730
76119
97802
1196908
650689
13132990
9916139
5409092
27826472
70603544
308531520
246170
682253
8804798
9477371
67728752
440246592
77649760
174305
33326
174305
97054
15900001
11102
91976
33691
11102
130148
33691
33326
174305
97054
16147531
33326
520705
3618009
97054
15984378
9153122
11102
130148
33805
130148
33326
520705
3562799
97054
15655235
9889474
520705
3746160
62254592
9377883
130148
520705
3929011
54901472
9127877
62390712
58002848
134678
20522
2681
591108
9940949
10626
1038
319008
537
316252
10299
19618
2666
562905
9971073
1218
554063
1808685
28764
197598
45536164
411
216565
8989
43278
1039
358992
1902717
24955
196613
44802000
83851
9418
47484356
1549634
8378
17430
69926
32929048
1794572
5917330
1330868
78162
32941
664704
8289
15887427
10595
197778
1184
64479
597
10773
26711
410781
3495
8224076
206901
2861
3655620
52698
66363340
938989
60962
544
7129
4263
161596
1966
3080198
23662
43922352
359868
22304
22081026
307764
6109683
3884
13715
19465680
230770
2906750
2813152
1934421
86053
704085
865125
207015
118732
409126
40508
1331347
79851
488583
302981
900868
103037
4255848
700696
2305866
231244
1888237
106839
409126
2013844
5737785
749739
6308120
165123
1182220
11727330
109510
2325125
2398504
41721328
2504813
5404787
5906764
12170225
36491460
58070
527280
589000
201156
112363
377700
30671
1331347
55970
321700
181841
583623
-8229
2784147
665901
1649705
159214
1373645
89476
122301
1182515
3317061
254489
2781005
162126
203336
10777843
512195
646529
316423
18840362
292727
850401
868810
2933663
2916212
83428
174305
683288
41710
94239
425933
26496
262116
48141
83428
224227
1048531
39627
683288
94239
437086
23280
1547944
27946
86270
224227
851686
17564
5118527
195280
159333
1974397
93637
79984
162526
5148168
272084
224583
-201378
184741
808471
30578
704085
97054
73582
25932
201916
11555
214245
71850
194727
65424
471324
23159
704508
154585
1130112
53613
588408
16085
138289
435424
3363107
124994
1191934
29813
342017
3789447
24164
899586
379481
4307310
981769
2030883
410954
2611600
5270233
29284
704085
4010
74304
495
215690
12841
7927
79851
183554
1557
567750
25318
28377
4233
1099492
80148
12186
270
215690
14143
2918954
247072
41138
3338
570429
125913
-850
1385227
7102
511755
10279
3138381
42198
127216
300973
20059
529790
590979
67005
71750
176721
7505
1331073
55147
127200
130442
280411
25377
2792760
435449
823853
32002
1443279
49301
35682
893715
2001992
115469
3486980
39968
67898
10207927
226515
210024
71297
18399260
-52592
612990
399066
998606
2539066
1659783
160207
39797
1459345
657592
132712
12426
657592
260852417
62423
149025
1771584
263105194
69018
163513
2323452
10993960
170480
34664
10993951
11029918
166415
33533
10862842
591108
56533
134887
328064
-3078
591108
49400
106881
15796144
73909
68130
758411
10223864
132504
79610
10223864
54725800
145895
49174
1356723
1008487
205970
10205
582617
54200975
178928
63604
4197329
293859
37249
190405
2162683
34789
46273
2162683
2737086
27929
72152
1100297
704085
864796
174305
1330735
303187
327888
4254157
704085
864796
1330735
4319165
520457
456127
133397
985080
300288
262116
2016238
520457
456127
985080
2016238
783881
11015599
164047
171377
11436
32349
70306921
697548
10544032
129111
56359398
1787527
11030553
125725
372328
39132
28895
129983957
1100480
3412592
243679
40855663
1458221
7491903
47188
373777
32854
18280
100572053
224804
113650
53869
1490297
86810
865125
125349
40645
310335
94765
65972
420297
115487
589044
271632
85857
414167
156270
298581
71415
143872
443526
41935
79593
2755950
117123
443526
3526848
371909
1056687
23113
450917
37799
66192
22611584
151229
204329
253539
3778084
260664622
11031325
57512
13983299
139728
17404
57449461905
1643026
141015
320887
11075893
166885001
7472486
80882
14111005
194813
29904
37978810501
5645148
949319
1861587
183537163
53580751
10790526
46532
2639317
40568
11735
10560550246
365522
48772
36614
569476
2087379
3203614
24368
991738
33690
77535
537352263
2087379
3203614
991738
537352263
2201378
3321285
24049
1056687
33891
77791
596251188
2169982
3271463
1012835
593169291
22016
529790
589751
134887
55626
53419
9794
1326706
303187
326887
136011
130027
22016
2786997
529790
589751
377582
55626
53419
1326706
978405
136011
130027
2786997
377582
978405
23304
529790
591108
134887
59832
60440
10423
1331347
303187
328064
145541
146248
23304
2793122
529790
591108
427169
59832
60440
1331347
1104151
145541
146248
2793122
427169
1104151
32645
642530
864063
174305
52257
64699
10032
1260416
272988
327650
185995
267713
32560
4040813
642530
864063
428079
52257
64699
1260416
1957551
185957
267713
4040813
428079
1957551
31229
704085
862828
174305
54502
56757
9549
1327972
303187
327152
194539
235437
31229
4245830
704085
862828
401079
54502
56757
1327972
1839326
194539
235437
4245830
401079
1839326
261938196
15833285
54402
16322646
136807
59312
79235427124
1423316
345737
739163
18382871
52345244
15674319
65943
3455248
49719
61057
13701953477
1031868
540560
341222
19424781
257948495
15329217
70030
15901240
162695
65776
76679643179
2697536
609782
1155518
43927632
22310877
1331833
1192
15975345
167503
68382
7234622392
49318
14309
1242771
986987
217448
977123
109665
31729
645020
180178
63017
481790
200802
1288522
130721
34830
759809
215602
148497
767627
674563
22618
6367202
35776
399188
65475
139036
64185580
181824
203957
1936953
54661696
258907
16318029
84828
3716905
75698
49191000
12317095804
14328073
3349913
11637523617
329862
47834
3129544
9739
191853
62746
80133
24863332
284345
70835
1116000
47376444
279018
16203910
47100
3115494
79851
47376444
11206879551
16203910
3115494
11206879551
1454263
281808
16322646
12912
216873
79838
1454263
154355934
16322611
216873
154355934
14104617
156020
16293878
19477
1053933
64907
442957
3133987157
1043962
120415
6351775
373623
21676
449327
10430
1046838
38533
11332
22564579
52993
23386
56205
14111005
281859
16322646
34789
1056687
79851
14111005
3136348028
16322646
1056687
3136348028
22210
21077
529790
468748
3711
74548
66189
52130
35692
989610
8938
142432
124001
130766
87697
2082832
23304
25523
415486
243903
61110
63711
878864
640157
184562
490921
25695
31580
691045
847176
3167
61284
56627
55293
66311
1228382
10594
160411
147586
194687
262343
3918357
19015
18097
334037
403975
69251
65948
988335
1730990
114676
454094
87913
35173
701334
681443
10666
212264
97099
63615
45487
989610
33535
502222
248888
219124
180486
3134682
60577
35452
564227
306302
207359
131280
1624890
1336950
226973
914210
167242
30379
697276
52606
10074
298469
62670
28359
659714
71474
203839
1883
203685
61674
185637
-10559
139569
-87396
-142421
65529
22337322
35785
1933
2941291
19791
36915
590855
170323
771
141069729
328256
11279
209235331
315245
925
8924314
1284580
11044
58846
1374616477
2477892
12940
212898
2002061
2863626
1734830
51551247
459497
34546
836767
18269
25348
113681
32677
240
541576193
5909197
87396
480939244
108073
1299
2011745
72816
676
17147
3870790306
535358
7189
8772
5057
96484
263105194
15568550
508105
50973
15812416
599646
128316
40644
55320
427
78147491078
2738898533
1147749
138483693
295550
6607
124537262
642330
16468
3780
913283715750
11961136
785324
89399
234941
13971410
609866
162374170
10238947
4586
1198886
183858
741
15948847
18745
11599
832493707
58231423
881
47420998692
19761
7870
115569079
3017
1348
27920
203750648599
5222
2324
46217
6698
16698
28846
167312466
10238947
132712
61634
8897
866
16322646
281859
79851
23267235
1610002
28846
49002548446
167312466
10238947
3360391
61634
8897
16322646
2263957167
23267235
1610002
49002548446
3360391
2263957167
868002
256479273
15518956
57627
1427072
211843
9610
16322646
144407
61518
1581408582
101351830
119580
77821458190
1765715
410288
150888972
275324
69518
869316
422358560837
11874391
1885363
25103355
4229083
255355807
26352
25066
4058
11763
180943
79851
10033
5517
307574
1328
95771
180943
21714
226274
456183
111550
177491
596
90109
2712537
3665459
34789
79206
1050170
-489
75644
86740
2712537
3665459
522510304
1050170
64140
74334
15775456
522510304
14436104
166502
30009
865125
6879
264920
3483198
88461
291690
77692
18602
607655
6865663
124825
1141338
56968
224217
9763
14072493
200978
3483198
159813
479889
10003
41193284
470549
7223457
7441036
-317070
166556
13585878
12747258
997574
-113579
34292552
695550
-4323559
20043
18089
529790
582959
10178277
132712
6218
71953
87809
62530
268505
1314885
78544
10139
125100
143102
1618439
20801
124141
466494
1548748
17339
2753908
43941324
551343
45650680
528500
10178277
40467
133657
542064
2103120
68374
173718
855148
10673
967844
10143008
106068
11151219
254986
1688131
3618173
10748364
-26448
41125168
3137296
1533571
228746528
2349017
43496548
46317976
959222
1178501
5840750
54124
15198672
1454956
909184
78762496
1363063
10167073
12195943
157123408
42780508
9854100
32937216
229438688
125188688
-4137467
6024995
20935828
74816728
126634880
23166890
171647
30393
704085
865125
15900001
171470
8786
298827
299322
65334
287961
1331347
79851
25273
692309
742435
15781568
160611
211971
1122938
3498428
62764
4255848
69927160
569430
79883184
954608
15900001
54737
119632
1177021
2247616
172885
390091
2766488
40360
3460806
69064840
542239
70911240
558226
15621124
9265894
24521382
107191
126881184
1186893
3479585
414783456
5012599
70306136
81602808
797534
2793773
19185754
212511
46988060
-149571
2871578
345030240
2912284
70139024
71490480
1006700352
14954683
22961720
131762008
415365440
309648448
1263281
18782552
42862120
348260160
759756416
313622400
64406
19912
527835
585989
10225026
132451
10683
215985
152614
69462
303416
1326566
79851
18316
361425
253217
5507397
64599
136431
520276
1697218
4223
2763952
43377168
587348
44286636
722002
10225026
68389
300737
928622
2368493
121625
488680
1760374
29039
1677253
31125348
325755
20682718
196148
5654636
4030299
12231830
64159
58069508
1700409
1892412
232497664
3531016
43528572
47593880
2342248
3701478
9984201
268158
46367068
2348581
1674152
144534080
3430081
31141740
21921410
323234304
27727700
12563010
47893536
230055184
433984192
-2068007
12867525
54460140
139803744
305811264
492092352
29236
29657
699208
668933
14929017
170249
6021
71359
55484
65334
164951
987389
75910
16583
185793
146285
2802399
24972
206697
600807
3246995
29355
3076706
65997200
761970
61895548
762318
14929017
38925
65432
339466
1251420
116033
186721
1760100
24442
1000676
17150394
209879
13934180
125060
2706948
4890045
22068234
282548
76474744
483538
3421067
287259648
3231215
66135384
60741980
445535
1328499
12721886
46644
17259616
93403
1654540
98551696
1431339
17429152
14693494
435028224
3891369
23037188
68713376
284317504
157867120
-1676170
12434520
20092460
94075568
576673408
162254528
90677
704085
865125
217851
154617
451967
37022
1331347
64490
520351
427774
993529
107392
4255848
948354
2314611
160538
3692124
212243
210347
3005809
5552906
443595
9818895
834205
414629
22793522
650137
1120575
702026
48842568
-2698377
2716092
2665438
7487623
11223156
90309
33859
210237
863038
10581
38637
150090
41977
12272
64243
357171
33758
117788
412822
53002
51426
265135
1411723
12249
61687
14062
175223
43592
153331
90846
51304
251465
40397
668362
262596
354766
458451
87842
6978
139580
142379
438690
106664
251405
-1861693
296698
203537
169983
33456
679915
853748
10494
289244
318561
89639
59178
68029
1179398
32546
659401
803828
108897
204137
267839
3807034
58730
65064
9478
1156329
328135
351527
396051
198082
248612
-2073
3482755
511343
599015
1706906
387888
35253
126240
1068580
1586326
175178
-40154
3057879
-2967
-7557908
